    unsorted:	 106.4923444 147.6301321 455.5870132 1624.699003 23400.61032 55811.82172
      sorted:	 106.4923444 147.6301321 455.5870132 1624.699003 23400.61032 55811.82172
